46 158
0000000000000000000000000000000000000000000000000000000110000000001100000000000000000000011000000000110
000000000000000000000000000000000000000000000000000000001000000000100000000000000000000000100000000010
0000000000000000000000000000000000000000000000000000000100000000000100000000000000000000010000000000010
0000000000000000000000000000000000000000000000000000000110000000001100000000000000000000011000000000110
0000000000000000000000000000000000000000000000000000000000011011000000000000000000000000000011010110
000000000000000000000000000000000000000000000000000001110100000001011100000000000000000111011100011101110
0000000000000000000000000000000000000000000000000000100110000100001100100000000000000010011001010100110010
0000000000000000000000000000000000000000000000000000110000111111100001100000000000000011000011101110000110
00000000000000000000000000000000000000000010000000000000001010101000000000000000000000000000000000000000000000000010
000000000000000000000000000000000000001011100000000000000000101000000000000000000000000000010010100100000000000000111010
000000000000000000000000000000000000001100000000000000001110000011100000000000000000000000100011100010000000000000000110
0000000000000000000000000000000000110000011000010110000101010001010100000000000000000000010011111110010000110100001100000110
000000000000000000000001100000011001001110100111101000011001111100110000000000000000000001100000000011000010111100101110010011000000110
00000000000000000000000010000001000101001010100000000000000000000000000000000000000000000000000000000000000000001010100101000100000010
0000000000000000000000100000000011100100010011111100000000000000000000000000000000000000000000000000000000011101001000010011100000000010
0000000110001000000000110011011100101001101010100011110000000000000000000000000000000000000000000000000110001010100000001010011101100110000000001000110
0000000110010100000000000101010010101110001010101100100000011100000000000000000000000000000000001000000010110010101111111010100101010000000000010100110
010000000001010000000011010100011010000000000011110011000000000000000000000000000000000000000001110000001000010110011100010011000101011000000001010
10010001111000110000001010010010111111100010000010011100010000010000000000000000000000000000001010100000100010001110101111001000100010100000011000111100001110
1001001000011100100110100111101110100100010011001100110001000001000000000000000000000000000001110111000010010000100100000010011000110010110010011100001001110
0010001100100101010010100000100010010000101010001000110001000001000000000000000000000000000000101010000011110000101000000110100110010110100101000001010
0000001101100011010100100010000111010000011100001000100000000000011000000000000000000000001100011100000010110000010110000101001110101010010111010001010
0010001110111000000110011111010100110100100011110111001000011100010100000000000000000000010100001000001100010011100000011000010101001100110100000010010
1001001011000000000000001001010100001110111000111000100000000000000100000000000000000000010000000000001110001100011010011001010001000000001100001100001001110
10010001001000111001000101001011010001000100010001000010010000000001100000000000000000001100000000010001000000001101010000010110100010100011101111101100001110
01000000011000100000011010010000010110010101010001111000111000001000000000000000000000000000010000101000100111110101000011110010101010010011001010
0000000100010111001011101000001011000000100101000011000110110000010000000000000000000000000110000100010001101110010110100100111000001001000111000100110
00000010000101000100101011000010011001101000110000000000111000011100000000000000000000000000110000101000000001000111000110000010000110101000100101000010
00000011111010110000101100100001000100010000101100000000010000000000000000000000000000000000000000010000000001101010000101101100001001101000011010111110
00000000000010100000010001001110000001111110101000000000000000000000000000011000000000000000000000000000000000101011111100000011100100010000001010
000000001000101000010100001100011111100000010010000000000000000000000000000010000000000000000000000000000000001001000000111111000110000101000010100010
0000000101000100000110000000110000000011001000110000000000000000000000100000101000000001000000000000000000000110001001100000000110000000110000010001010
000000001000000000000000000010111001110100110000000000011100000000000001000001100000011000000000000000000000000001100101110011101000000000000000000010
000000000000000000000000000000001001000000000000001101111111011000000111000000000000001100000011001111100110000000000000010010
000000000000000000000000000000000000000000000000001000101010001000000000000000000000000000000010101000101010
00000000000000000000000000000000000000000000000000011110001111000000000000000000000000000000000111000001110
0000000000000000000000000000000000000000000000000000010000010000000000000000000000000000000000000001010
000000000000000000000000000000000000000000000000000001000001000000000000000010000100000000000000010101010
000000000000000000000000000000000000000000000001100011000001100011000000000001011000000000011000011111110000110
000000000000000000000000000000000000000000000001001111101011111001000000000111001100000000010011000010000110010
00000000000000000000000000000000000000000000000011100001110000111000000000000000000000000000111010000000101110
00000000000000000000000000000000000000000000000000000000000000000000000000000000000000011000000000110110
000000000000000000000000000000000000000000000000001100000000011000000000000000000000000101000011000000000110
000000000000000000000000000000000000000000000000001000000000001000000000000000000010000001000010000000000010
00000000000000000000000000000000000000000000000000010000000001000000000000000000000100000110000100000000010
00000000000000000000000000000000000000000000000000110000000001100000000000000000011100000000001100000000011